3.255068
-0.724944
-3.873841
-1.982605
-0.263563
-0.086941
-0.960303
1.290175
0.612061
3.027541
-0.645564
-0.710556
-1.057875
-0.901599
0.538898
-0.737072
0.124562
-0.480250
0.382820
-1.439787
-1.748790
-4.743581
-0.988449
-2.043541
0.061312
0.455952
0.187781
-1.560093
0.244919
-1.158980
-2.548741
-0.783128
-2.028133
-0.349807
0.667100
-1.101269
-2.346035
-0.691044
1.557008
-1.485121
-0.029623
-1.419194
-0.339530
-0.269954
-1.084429
-3.805621
-1.111372
3.681103
0.007805
0.355069
-2.480401
-0.423195
-1.715270
0.194734
0.003584
-0.113817
0.985284
2.460314
0.307009
0.068586
-1.242998
-0.442332
0.012142
-2.709575
0.030149
-0.368564
2.295875
1.480118
-0.233483
-0.420466
-1.676709
0.618246
0.548675
2.478927
-0.362373
1.035675
0.085103
0.722633
-0.358129
-1.226613
-0.365304
-2.652184
2.980003
0.338780
2.209844
-1.232023
-0.105623
-3.049996
2.341003
-0.045121
-1.276359
2.943286
0.783785
0.674343
-1.436579
-0.896955
-1.201566
0.357999
2.818838
-0.924917
-0.107821
0.620761
1.597216
1.039611
-0.981727
0.532679
-1.042967
-1.142537
0.713116
-1.377897
-0.422487
